

GEOMETRY DEFINITION


NODES ID, X, Y, Z
1 0.0 0.25 1.0
2 0.5 0.25 1.0
3 0.0 0.0 1.0
4 0.5 0.0 1.0
5 0.0 0.25 0.75
6 0.5 0.25 0.75
7 0.0 0.0 0.75
8 0.5 0.0 0.75
9 0.0 0.0 0.5
10 0.5 0.0 0.5
11 0.0 0.25 0.5
12 0.5 0.25 0.5
13 0.0 0.25 0.25
14 0.5 0.25 0.25
15 0.0 0.0 0.25
16 0.5 0.0 0.25
26 0.0 0.0 1.25
27 0.0 0.25 1.25
29 0.5 0.25 0.0
30 0.5 0.0 0.0
32 0.0 0.0 0.0
33 0.0 0.25 0.0
47 0.5 0.25 1.25
48 0.5 0.0 1.25



LINES NODE 1 - NODE 2

30
15 32
47 27
48 26
2 1
4 3
6 5
33 13
8 7
10 9
12 11
14 13
16 15
30 16
29 14
12 14
15 9
13 11
16 10
6 12
9 7
11 5
10 8
2 6
7 3
5 1
8 4
47 2
3 26
1 27
4 48


SENSORS [ID, DIR (1-x, 2-y, 3-z)]
27 -1 0 0
1 -1 0 0
5 -1 0 0
11 -1 0 0
13 -1 0 0
48 1 0 0
48 0 -1 0
4 1 0 0
4 0 1 0
8 1 0 0
8 0 -1 0
10 1 0 0
10 0 -1 0
16 1 0 0
16 0 -1 0


RIGID_PLANES
13 14 16 15
9 10 12 11
5 6 8 7
1 2 4 3
26 27 47 48

COLOR PLANE

5
4
13 14 16 15
9 10 12 11
5 6 8 7
1 2 4 3
26 27 47 48